323688555
53122807
176355865
470679277
118207647
277069829
401027524
163024899
167796747
394137224
318828309
384476712
158978373
76663549
46807139
344134829
76228620
102841799
375568111
299799658
231292500
397100292
237885807
79605791
233660053
271169413
234290432
133427311
290365472
302798365
176871438
374209768
311925584
291465998
363661031
47124392
232540264
157770450
148081650
34298539
973449111
287978226
11178319
179438406
238919539
324675819
224601047
113645244
254901458
140830390
315350812
457104362
71262788
53726408
468055102
165317334
60735803
276130740
343088988
146841337
256516208
251845153
76313563
175298549
369336146
348759510
177116487
276935987
160066134
55655482
354937825
75869558
277833423
469212332
76894548
370327409
5676443
36077696
326451033
299697182
177309964
340638718
419092044
397177642
130415266
445330462
94103840
280053651
392323519
428685938
103751498
307290964
464711858
323292535
238018277
46904539
91158925
453060368
192976435
176955267
75208638
88966947
237280203
377845774
101363142
148551290
287405060
207084429
165204611
268290940
454828937
261108236
452954163
41995709
290403648
406941612
81353413
106465458
279318204
36124955
152255646
292806132
316284824
273695332
405452527
19612326
308994098
308307606
93630203
11748495
181150051
441579354
447493530
396316939
437872314
33227166
75543189
159195919
392113518
115175339
305048116
357713892
323727556
235009317
469044840
362123558
396794190
334482103
354944123
459891002
441155146
348555880
394126269
401297312
447994659
245099574
152245179
70780410
6663331
359552377
260848905
332204965
220473309
323980895
462785373
410392940
255053137
394812263
185240401
350618622
307749482
307335896
141807839
385927634
270672809
211376134
190081497
201795667
38824355
52079677
241218424
39858507
292297198
245341495
436272308
98662211
271975726
278289141
178367145
149843633
128250185
173260345
303256075
378227267
67699049
322307342
420114036
235905185
146842334
80439101
235937532
360816296
309528896
97356407
294194145
290407621
229808144
204377117
322698434
358613376
321290066
139825840
350153977
48274889
94515514
447206604
362970860
47465993
252914221
121553642
220567625
452464529
276647494
199716496
30876081
259019958
46907042
271701447
364302118
232038798
231888176
287325372
277275706
75435102
270604417
328941451
454534617
345170707
309146836
277298771
150098860
451027736
297950791
334247565
56350010
60854387
19612445
459056711
231275247
372371319
123755508
276219648
26273760
279092844
270606344
283816776
353589882
60552999
441572821
394351304
340624586
394722182
132313173
21639186
373614579
269217122
82128636
234330672
131979339
88212067
186544053
458364354
379240073
197960398
364588501
275651537
296449358
458387660
219322317
464300749
48628795
315002523
295899674
71268730
278056060
456844391
318141352
281582156
406832259
393940766
143606407
206605718
92709449
228381868
151920165
363632843
279322914
149349867
446158352
313889806
97766057
425997655
356748127
350445771
60658382
386729525
404968457
151267228
281541555
216995338
452448437
440872576
11417087
278024057
201641317
189225223
341712125
129116176
97908039
360473750
69420071
340110295
409794137
357023705
457743020
123106490
355766445
461136782
310294189
149126806
173640199
266980320
257241363
73082014
424796997
394346745
397362481
270677031
176737476
286152207
143291764
33838777
269217040
62280606
170228172
350145729
38850860
349784000
463794734
237942787
384034837
439414619
62728933
246058802
281666783
232629077
102625324
156075294
28699677
271488508
257737073
432467894
362370757
350716073
231910539
186459119
417762326
152866374
298946836
224245334
394657039
48118923
339672028
140978827
309402205
312030014
272357134
234506911
118327550
230980206
146319839
268644785
228507250
62573638
25118964
201883033
402112785
355650859
364538560
458300989
309661100
252928337
453410966
457789844
259648079
27966179
452522877
462083435
73433128
138333980
452845139
142819569
452591471
92138990
379929661
401617111
271806353
308543286
251848941
297668572
306648160
317089588
229588059
294090620
345135733
425675208
265613590
355651035
471012663
2055217415
95203639
230114503
201226029
38603673
1884524549
9708387
296739893
114300563
121560868
386456916
334207648
364200513
307927495
152147232
233547261
440624788
241363085
376486632
400432230
271596290
441159680
107616442
241463276
55727842
25354620
125358479
234337032
308612785
454855280
254063071
47295522
150430484
172224309
438579433
106533336
277034534
232062375
363749415
293273183
370010846
233964642
112037211
370436463
209184753
382575967
30034081
99135783
380859887
383353664
8159415
38937499
260536927
279726713
396697136
274602479
260162387
436813226
303427297
446684383
33168946
413248763
386642445
449107129
304894205
299798795
189269584
98305034
323968843
273416539
294257082
301160638
162582602
147797743
350345393
175822201
410314178
263486257
306576384
460205581
129637892
197884260
275709825
34945703
148653003
48788702
131730580
388182591
376339249
159332859
175317833
145151809
201792346
165725822
5224772
464901555
454290635
265612438
243200602
406535548
183532609
278731274
24440555
342556321
28146735
259291370
278634010
158623531
181804752
193136669
379286801
322306553
97578357
321086563
229742951
332314607
149347629
142618244
79661385
453883102
60068392
465163595
94257578
349055504
278683844
359497418
238197638
23689332
457268255
54962195
282221346
189182069
129268651
157230659
160689461
77102756
280096473
276793444
160197791
439820620
460950389
441797803
469811655
56639628
453942180
166739520
93457683
198008005
451483379
311252710
150202846
268187322
115115136
268294495
179051609
132764448
112680448
7792499
394136141
145923579
272983172
407127579
361825914
67318521
256327585
133129971
157000246
366569059
260472262
422771673
439512298
441580526
237885040
148997756
424719589
259901731
61381436
55408994
121927947
275083922
93555567
371767587
177255827
425904893
257060897
30106140
65805840
286396160
12864953
429304876
94178495
402319411
401675210
150299548
342259467
9725627
123222370
272758199
385352011
459042546
243237647
389613626
16703161
411873161
102030574
269850928
313194972
189719361
182880367
296582851
277671413
425938795
412491257
312091232
140358734
321784369
30733969
441398770
242522699
31850842
415810108
149248196
15363163
350141132
314201069
114953216
169765334
206352378
167983141
428892437
453638447
295093397
231839085
436382800
293689267
341724021
198241702
439971546
204698337
323685105
53394475
7440160
274911536
129890791
309791156
454242639
438682877
437243044
277430470
461538935
1594806
294993587
286831740
232039225
261136679
55849732
289668177
131743355
440559522
156002449
54172975
411883036
312991501
90040843
171428688
341660109
70757284
424911242
98067467
160023
289931756
269701147
38696105
441387667
260506296
278415929
179413040
469872864
141809359
468216076
1103432
295312916
72985667
394210384
431971818
124206468
231867117
154400369
348756659
258826816
224773111
277102246
438775149
464593883
229807051
297022057
166852312
76652075
412265218
382422098
102840239
185805011
334641286
72560132
450794865
237928815
258234731
239134248
461867584
290970527
290476605
373033374
334425144
425594181
320054835
90459374
448435566
158442595
455463415
149913598
991164
141110149
231022874
120334451
55222620
280206394
175182754
280726137
145163386
370232736
265010875
278198753
308987429
127311608
350518984
304130406
35349987
29106627
279741942
361710792
420202798
439926641
204671232
25200252
405177882
385936422
272058503
442611273
78234015
270222256
429354344
229597404
438942374
157655504
155989956
470159478
411943564
400472941
9989136
306255021
288979840
364120439
177077475
7976072
49043968
61704971
467026444
350274840
142784687
443494454
192003741
391949880
139996019
190271688
141363913
93269689
265488083
279572957
172355389
364873540
152467154
339959992
14679411
22970720
290337456
45599777
38699083
232633119
434428836
149109125
238076306
22146154
357105141
384064144
14336130
68081952
458599043
224603321
4605846
382188882
99028319
52315301
423539160
274017928
445648583
466585876
429152610
307221757
270204401
22590328
372443687
452481404
257048642
297701617
808234509
469821652
160449269
317325489
270342589
339308290
219423316
9033144
261369656
45655786
422038373
319289907
214243287
7127224
268643535
7975930
270356871
128178646
177283727
266442153
233070717
39643723
322985477
413372087
151945606
96351492
187930369
302003748
410214986
359523751
438790187
212516077
309254930
102169275
470975994
25133286
355054825
403911354
192087959
462876889
382521776
149572298
178709444
434101713
123153249
231286446
266194572
73248090
452281203
442382439
406926040
382549695
219852584
387292987
705298865
335376063
147113586
431085335
111755544
392536805
281710229
103555745
356012181
384192452
329609449
372909372
223258876
454361389
75744886
321455348
201604954
51947865
14661418
384950919
382578899
392838495
160635811
72445399
55269690
441051650
394338713
279569718
207080350
150442264
358111274
99679628
369456296
260985861
410119093
279161230
190986054
103687873
359746549
317362389
447824274
288735205
410151515
285526706
48661942
182405015
293689266
382575703
418471116
469813520
72121778
347357977
441158994
261136000
454364474
389667572
162802770
290644237
281498280
441246239
95709395
356690765
388529207
442567751
158297421
329672278
47337032
241222898
350622185
254147986
76903841
72178248
219181903
114819301
176442805
290131778
454248975
344258657
189625051
293607057
441453629
167697604
102195674
463854822
71274771
381857817
359137193
47617038
296850254
46029665
167597352
70420766
73177813
219854185
320004517
150428135
93000166
150187916
470984698
284288093
460849032
468148930
271698144
235928308
433448211
181159386
401283888
15444490
278564557
458611622
258538501
180989820
255590987
102192004
349572491
179130687
167415965
364200069
61724376
220432563
357567470
357032575
471012589
72985822
147425389
350520348
321668398
358557578
25155310
22120766
441839605
437261733
261401023
157698565
425506424
289539327
238666031
183537452
304142124
405905925
75048615
300446210
92628706
269400980
141574742
314864866
5506314
327952677
114819903
399144800
76761591
150299840
407165509
403151961
439331003
160440924
112603301
400103802
46698351
391906141
181043970
146039664
231665460
437333618
141412823
156947629
280798148
98064760
90083037
435111484
21113347
255587619
126737992
415241207
279319810
348762908
238542895
401125028
21107353
127861722
458263480
309658221
452632430
278409390
6767088
35106764
340459410
92997988
51510210
151825527
230017325
286099128
152479307
99135781
142739544
398445933
232052748
143491577
106344480
161269310
451112995
146589986
190650849
220524097
177078973
259230140
342375120
255700967
401685092
248111245
181304295
359740883
123519327
92876041
335502443
15525212
6898572
279855551
134404603
130792766
455000299
174430779
163647847
271168962
22760643
152176559
38125059
457272901
471015279
366577510
229581160
323878236
40534599
381982417
242190195
8005485
462206806
350479101
442549837
392325093
318512022
463503930
456841945
196954401
362222177
381979279
141300827
13737885
1718201850
238235254
61538902
432042101
458856474
197829751
358176584
139993838
196286587
370101492
342169848
369455629
357202877
53085065
417644279
276304874
333792551
262843259
49421144
241326434
5485318
360709162
290409509
61117473
9789317
429791387
290263093
450610413
281579907
269527403
25776767
382268018
150101476
359209789
401533846
259172249
231833061
92584826
237117591
22384839
389277363
309619055
140033128
388347899
282091492
313038875
253434221
90850770
219212899
458624708
150188736
11521555
268318645
395746133
128744887
462619785
359426909
342343963
437242640
176956893
16479253
201753428
279425081
67982365
339683263
406095880
420114772
354897313
370138999
385624852
51512573
298690606
384484766
145204443
141856710
216298844
159422485
183979262
441444256
260995329
379717270
149156748
455130971
33881250
437144507
233205987
7413227
402391147
233211759
81609273
33350443
404227343
159262969
312803013
35168827
296863792
308098254
260609205
323350241
438685468
307990280
451645081
448419342
174599051
88850027
385312623
231914259
470127886
5774131
362709886
151959065
675054894
61135882
75522633
260417932
347507738
449793302
335860261
45054849
54256015
403191781
56639629
337393383
58832313
424829832
404280088
133107143
75919790
74967390
280095254
394596952
315096343
59419167
242583230
238920875
260132330
29830830
259999047
238090495
270075071
51234631
468149996
370385007
272213425
368854975
318608749
335287811
393914310
59536337
346435387
394030788
73723286
167891320
134183038
53365065
294327312
138168780
237922465
139660420
29418536
349576261
461641217
124146529
238176832
156990000
4287299
22247626
268504789
231907973
369861728
258839862
71546916
254612758
373612558
311236477
260268898
167812449
245136163
162143408
147948930
141608198
458342769
237104103
319932686
258918835
461579405
382407397
151483286
149427773
293271134
426011964
389525208
300324638
79748331
231065398
372382877
363083571
274367763
448472109
309350921
445968442
453595277
39080923
417777495
150030205
447061717
281728376
306736831
290504044
293934547
124454726
426541180
255989063
232643392
457994192
398371628
326446019
254322223
300142103
218988652
308208458
284418751
39018208
221970504
166836920
359304954
245304994
234523599
441187146
385459345
231063955
349518145
313554509
422640010
203377303
237944385
401400841
150300654
22221375
461968320
211271566
168281028
425935610
437248515
76923707
179317684
389070884
128176647
306996324
157733603
401820403
206541859
396693868
466113537
395130640
268042363
31943299
55222619
279514271
32150630
149603524
467368706
57093805
158595208
197180716
408512382
182097186
130948731
256512446
294225731
360912453
118406995
406123721
156836265
29505837
271891552
306472057
207082763
114547549
126586580
389999924
406277015
75076261
356340346
238805036
204650483
105710145
177162886
131195412
217933560
467113954
270677813
345135732
277683130
389433788
309066741
425866725
447993848
190332444
459894730
308542808
288507910
230981685
158536052
445456888
263350818
261257684
457100137
175580974
377297285
250091359
441422220
141652585
258058036
134596619
40717592
183571143
98970978
282485660
381979901
452500843
124401019
48476908
348898049
92743594
11799874
218483943
384299730
216925130
405959804
144155582
29052041
394050135
219442820
238335094
304426002
165456443
178367144
231715879
306785681
288517585
31869740
9155187
410214984
172608950
80713983
320327056
60270941
12433730
255548572
328702100
167087044
229650995
140760434
33283274
374341747
9560459
440937096
307291318
88684250
66393326
398085117
31740375
401840741
134549022
154618248
208755457
59183645
448775221
346704136
159496501
166527623
241739877
87775884
32092813
288636342
408757239
124282575
271900514
349763482
165823257
370008372
211336323
359307236
80025900
29119552
41591173
168384845
47352092
443410592
393490554
150101472
318613756
229314270
180145006
150282779
312954266
229469945
341420329
241752370
271799672
415143674
391927558
294209741
257267031
359648342
452357628
384954325
106493402
315117300
140320948
208297760
370016916
440324561
326088051
157213708
401014546
195256633
128622430
32089522
324116813
8418378
271488507
79395356
99739299
420177051
149539114
307366709
280945693
233058265
2760219
89617284
269347089
253917292
118543938
366560080
334684206
396088793
58142170
338629150
238097299
198034151
245026007
382975217
404763306
306577678
273369281
295911223
441717812
391550834
160708862
837115471
163769810
142648205
111951525
453789494
345686927
349308842
148905216
261236136
133701057
356206412
265301725
190990336
269439355
51094586
118329434
112604564
235056185
410450228
348755728
332705008
279614617
149745822
434105094
461271719
254063074
339752271
261261490
293466528
144085463
403995704
197057992
168405330
382258517
303811839
342167886
149062088
176874060
142562395
366411016
408416746
451566438
256902444
146601519
45059728
397522142
332607409
281494100
117874959
52936161
231850074
62459740
464481762
219427639
119950057
446370039
206556679
330960261
100504381
453455638
238235259
101011575
113501026
441257129
142375417
147476037
333941023
76397021
8196732
393837491
134221850
454750084
71518440
220029715
295176393
254142310
312264419
235015217
305739565
331253215
49003558
47617161
207339000
334305570
73260087
83580723
197038401
374813390
145242939
401283576
335610963
365021641
204376737
348835438
65905621
185681682
295507430
446545125
447976172
238920872
262722743
124350360
209319368
364395234
93294486
23406439
325527653
337274055
305492348
229055790
326326832
175321139
382624902
397423462
384386061
360130454
140067837
46999289
139148528
410418820
306900161
406115330
156325724
307492324
380783252
375477302
159864583
33714875
382455766
380836882
305921876
380870688
147133612
271577579
286129396
103832313
291517604
206592394
144301052
71341774
231279823
466323338
141533801
143737679
458442958
233569141
140659980
403237836
324426685
254159048
31368290
164917186
156172268
261867566
122189102
253991030
50712784
463011281
99654378
270649648
293081694
294768072
233558430
340559155
161739878
446872386
260266504
323002911
291116020
54245747
149346418
126125073
96818680
287961849
412129392
237915523
141096229
241289894
428679607
238932509
120247528
276411949
293971911
296037537
68030406
94011343
253877564
468997317
126763848
206505336
48210046
302924206
136916387
278825345
211383327
262530780
285409835
35655828
412485680
347506869
6404965
243496587
172608996
469330318
219998026
21818238
88902249
237880881
436998675
307210830
260128333
190372855
289596375
453978730
456262428
93985722
9067143
364427226
79403675
393196631
55652896
85242435
80682484
230087102
281341249
281459670
440591673
300871545
235685913
320525204
357662316
287494667
99097200
114299824
209217764
140045538
401228262
428674288
180496341
138712055
300448520
267093376
229147927
446917888
382028425
142513032
55092869
30267198
45048546
219771660
346347677
238091678
69167036
53735810
95373564
61849366
167418903
224225152
448513620
44926734
125857387
141334293
139877968
350743714
138169785
34297761
343995865
306931200
334524122
262020326
461662295
89526003
402447670
37435039
284364590
27966708
277100604
306635088
141718779
176456427
30988774
232617358
230088370
159510109
99211574
1525480
458585445
378670187
270468559
142391477
151930063
389421473
95006597
115693377
38586438
254141733
157773422
421894914
440576881
340561622
317536999
206590268
236815262
357210287
290644615
423658494
126819791
344175457
429358906
267536225
457599538
148274098
310106386
401309413
82903968
297554936
163260812
238197709
441217730
350584820
268125229
39018923
221785300
307956397
355425084
88890459
101963752
185681681
144193715
54637745
358576949
243304823
441054736
181015118
173818213
72499619
339989392
192259856
371234684
281926183
180871989
230127302
73228647
357033670
357014373
300291839
61542962
253882372
237979468
31634579
269855929
270268718
441734910
349677777
258920431
229495981
381789320
375058105
167602025
23443671
243297296
310266243
145762697
151681127
45344564
255567460
463229791
282830436
160222069
455144819
394728064
71261807
341729008
219701535
272232401
239966085
176685457
220460087
277373390
340064290
394241607
34504326
156999527
276735500
156016136
382069441
231020638
238228648
69285076
245728942
394287035
259236364
372515598
357898147
400598180
408310006
106402532
147804034
75399254
220523550
242576700
280097543
17683158
138171285
96106862
235966403
274590119
406832261
260120451
349904363
813529007
36437636
408460493
394561119
451254008
277538491
386259537
142439879
112099249
278825715
308542258
157088184
178657161
48630780
159438097
158582801
456560485
147340930
326662822
231289421
14715294
307334288
303617735
51432
339668420
339633702
32051721
51431
232621086
6764171
300293197
124174267
423233578
339533257
399847887
66501539
245136147
142635225
127089264
407584737
229400092
94984950
397231463
188835620
143848624
140736015
303814029
38827910
359675849
51366590
444290896
437230158
219338557
372448111
368713985
253864764
344694455
55524055
92858906
360323842
385626253
415969908
403405969
144155193
382437417
201660996
348842421
88916475
315035146
287721202
333810741
127012328
254289060
140390696
303443210
236084210
343757299
281182515
224284991
147203645
355796887
279511291
220547837
376670273
382200986
237116051
255756918
170160263
322950055
447593267
233497719
160618074
289713526
802438565
445903569
308451526
300362600
253998201
453285656
349154435
251855940
256158543
191928543
379329149
150167319
307490261
259126645
158002130
48476907
36724087
320264006
312312968
231017428
448098793
106940971
360943695
214218272
444042254
237221436
163042814
323354786
347715478
359819459
470249456
456609929
220557792
382644857
359357660
73383247
358107516
168067848
443341002
260797169
149601126
45299278
412635642
360714300
302443822
453363533
455246424
147761049
295562522
318120169
152346470
312508092
219698950
152800085
323354855
98957720
154616309
272349442
231835379
300161053
73007817
257266102
322549898
210445631
154153823
150432211
192071095
244882956
359735804
278036258
445586648
372596795
438278301
36831862
259845346
144219766
458331312
464410508
242367242
382552502
190721237
89945304
241212951
343884825
6946549
260537454
118436719
141606986
139198430
423128096
449491381
342888854
167304735
270260727
6010784
233047097
316236118
36718161
443666343
378563059
135050395
343678692
371188886
234489976
68523365
13023378
159117779
75490265
162362398
262609754
169226822
238395194
406861922
19447218
277039287
174206540
441794509
842177998
302054555
269568703
246811315
329888006
270462117
303500786
52368076
24695044
300560295
208091447
387193925
245454701
374209678
366316586
191671884
262869616
220433363
231093356
444394183
391251375
147092818
348759511
290678703
66944319
293164462
323292484
293963713
303327435
301980639
315085313
198355953
140296793
22011809
44988465
267608606
134873712
20579360
460686828
318022259
116156517
279511712
156989166
130613275
167344043
304085024
71029363
197571843
307985697
61275837
281975533
93911780
74881311
298390447
307160124
120585579
98069119
220570408
339503267
463508231
207585189
2758565
167085203
283665218
356472238
450918869
159780573
278666476
458647366
183469904
404927661
144628120
22221233
89043973
233537455
155337704
315525276
1005005438
156948827
382308684
92477079
256368884
398987387
356900912
347773023
426422372
234518605
14344362
102305337
280655495
124573851
461157517
463781038
405237154
328814605
286166043
175456846
114300579
242267549
356590734
406318573
230065962
380645083
359690566
238562738
360839074
105989470
55383975
285828583
81693792
144168568
287354092
44514807
466682238
238194459
458641144
463343283
149640056
215197039
167163906
23325655
220435095
224271611
73244652
231043642
193220940
286153328
150151262
254051132
81077799
232426080
73303344
300604770
188626156
349827430
233735068
259126549
6012146
1728294
363885457
468981993
270341214
307085577
394918211
462546411
340228388
290777444
175477257
25078924
93700013
81089255
389040826
149010208
278138619
407166076
75214196
160162137
278725781
9063093
149365605
386161311
141708335
198008002
106470229
55746262
177310473
350846334
232030067
350862618
369345064
267601013
92995573
447585233
319466859
119058688
233188747
4076535
452840208
278821913
293507177
320228013
279798387
406403791
114808029
253929719
394346647
271496373
431981595
320524751
392736631
35758536
57652994
288242606
466451695
357661805
259950212
231630147
278661431
363773536
278901079
233078665
13092260
241552893
23324827
454013359
127249954
389299375
287145649
149629043
468987719
303519120
269217093
147723246
308183430
425976940
271893367
101179725
145249556
6898578
241423335
154840461
349789882
357991362
361413119
445751830
68443254
442586515
89398403
115443990
9209932
144327080
453758074
139357541
157572174
155419920
114851071
271693722
294638698
350765991
219769290
35510373
294754396
443864464
179291515
301900477
429202565
188777507
31851192
56630436
22186226
272550631
101544662
125424836
287720218
401283491
372909935
419091401
290302491
294385899
165493409
438863006
425561347
165590041
143724857
29069242
469333534
189084771
307998103
25132999
339680203
280866656
270342707
26305150
335589578
461591646
319558877
241514551
364107753
242579998
425817867
9758300
295440174
407126408
166835568
277712294
235060821
454069765
382702295
278684936
149990841
401771671
306580215
341411516
140030318
179230828
302965929
410405725
371121875
344140617
334939050
141423634
204291947
131813801
276967501
57793060
238229705
452875979
159864610
96055535
99572130
241640242
390229606
282085516
330014070
423363853
267044642
160619243
384016413
16034007
92590258
323966987
409934687
402096125
463365347
314724818
389352124
186470510
11936042
49178630
85010670
44764338
304950588
319557917
276414421
167208380
108940329
359767082
383473544
354895543
73352505
290652403
55602946
457995946
56667208
281670243
447054140
453452264
421331604
382068562
328325110
281599144
190250274
389669796
123702439
288312840
253126207
734505586
361176558
302116397
255548311
231081369
401704685
290348383
388402265
101534291
133849258
83092282
210732282
73635778
451596415
453668803
67598139
20318757
52120912
323292187
405425498
335145136
3840990
359271092
206603521
313857039
179040607
276609326
219779130
165827520
442747407
211325191
130348163
32052779
372124871
118308828
449355457
103633434
272885406
326522874
363265095
173824688
452845470
248111238
167123841
368780702
267810289
163042241
198077394
335590587
263075864
160404487
22242383
148612683
309792357
419848241
114749636
422770857
372850839
74274839
219328784
72605231
267685608
166851829
405040121
122266693
100566492
418567812
197570458
25792600
258209092
38954437
97409519
173560788
470171739
141914082
207981861
130952469
248110570
470677450
453318119
168449943
290864378
300015238
31796120
349152140
292477426
446757818
234524385
86021841
229151691
207199350
340219000
272785423
229671380
148497855
356015361
407661994
348477542
145586291
140309502
274911400
278725797
355695352
364075921
239154970
238194430
388349729
112077128
279570232
142148228
238162973
143994382
241570607
306512967
437253099
243265010
129881395
160037058
66413476
293692895
310200735
229715760
8082026
394672497
65412605
394698182
357634632
156949982
130981260
148081648
219879302
288027491
111841619
144124187
349972412
407922734
145904365
95003423
209310912
350293646
428787891
261331895
72401290
173979859
107463148
302908969
447088034
149361519
362104293
452591868
156987168
355655412
269794986
208411338
358613523
280803917
161247580
281541545
66620917
415732600
294733959
383952870
238059180
55453391
346347643
447104237
131975527
466528132
347465421
410094645
263748033
287752945
466167563
209442858
382626661
58643602
469755925
214361331
400565837
49046332
90716944
271486001
177308817
302212110
293151358
362111691
302527524
230087585
369984032
391900348
425508314
152953620
265206385
189565557
464328419
414300188
23555025
401980624
225957292
181463644
274151135
304339227
192988021
92877752
157139064
340144218
272086869
303443247
235996401
219373406
72564426
52928939
451538240
149838027
24837152
20427136
267177329
160701354
277275551
45296362
364589441
241638905
177350401
470085533
183611830
208151094
271725679
362714717
470984719
455207604
380822025
237913194
258918831
160633268
376168473
117516791
378126824
220479565
299897516
33911215
333386671
304201950
38637115
146944745
147069011
384386062
343963409
229811538
260304800
389489362
306785653
123642034
303555450
365927643
72504752
159464498
449671564
53307409
281924357
380825087
139090254
235684964
123752487
206537793
297967252
279425357
462774215
190496853
341419787
176873028
394443982
320261550
398502253
83154030
310130252
294500964
355601117
310002617
221882319
178819686
19570530
102689827
286310836
290496318
277367727
252890740
396731889
170405772
171128340
290474796
349192028
262588562
220433364
9727392
452745251
32004914
35001854
254113311
74712191
257520272
240155327
29105766
293968698
339770560
462146834
29983149
398466662
410554986
157266693
398763011
349762699
57151429
201165918
454363835
281925381
260937089
145760541
390582796
287563610
279323519
231835378
293506627
92475268
70442570
60859922
405756510
441234277
287794816
422129452
325178532
11799872
294212483
422089507
280685089
184071291
88858054
362676792
57513388
421336001
451614854
11491838
175176327
175599711
219176881
340700241
201177276
277890574
464378628
440546814
128449971
168312820
349519544
410186401
220475245
118807628
34505005
167892392
33864387
31207306
269797536
167574282
252876117
211300249
138497780
406236094
12973795
402053027
258777137
235037761
293844315
150068381
95122849
165667705
255780160
258214986
4388056
458076434
400093775
224278523
455472487
344031627
112176566
101395259
179193934
22317640
237200747
167201539
258051471
396246765
131419624
73279432
118307280
308050066
219460801
287196418
183675732
441936163
149971537
238896431
295757646
140900726
458856514
357118805
464658144
110820
5364915
29478974
45299834
465176038
231833236
167554898
220417892
30816076
167792080
58533991
272433444
424778451
410211252
201924791
96625911
238129783
260708271
172937970
201176965
258771803
322901324
323349313
134468359
253011416
457127187
121250827
38515801
453661520
282087147
270560025
167526485
22850303
52204645
139128537
92349924
310355207
356200601
372817671
36765037
258908663
357538688
267263253
454960039
279217728
128790976
289949453
353780525
251845156
391813522
358108300
160444320
185247277
179687771
303686889
89328813
72178247
232032071
5703872
191992218
350096409
336606891
234284556
309292963
142082942
459157691
211438925
237222864
160148385
339397736
62280889
434496663
461156657
303385111
6126280
284358867
219866209
231670397
394492339
245050667
149833117
173432542
453098705
238171173
232634683
455096220
155873992
343798001
146172354
307889317
134811023
127530399
91478103
320994166
159496805
385858569
279574516
27654821
112603237
365938088
228758232
133702204
307291308
48335665
441334829
327305518
295757659
302518439
179441174
322807675
357801293
146776480
209309031
231559817
1992266045
9151337
97914505
150031040
349273863
271629040
19547831
238012337
127895118
366580825
92352621
300969581
179637488
83290677
7145074
383346621
109779921
456574511
335655755
313453776
298281735
382419744
74530173
124095230
318236769
467316701
402658809
246801303
186541435
363622794
49254857
278409392
260161144
74484423
180982797
206556127
214870481
150167117
80711765
430502428
282051790
310556491
306510653
92352620
228972157
248075138
142785421
350480660
287327575
181233908
162620529
459648927
361711730
207773460
443853442
9385460
148305766
141975926
21340143
278895603
150359500
293480903
183513288
31553893
260351540
211380233
263003176
432132155
265350422